17239,19213,4103,16236,3904,11313,17252,18580,19908,16728,16901,13780,8602,14981,8275,15153,14686,12000,9314,8588,15779,19774,16442,6686,16256,7808,9731,8353,9976,7920,12253,12159,7371,12758,11104,16753,11988,14606,17140,7632,14621,19232,11642,4052,18242,8587,19036,16407,17437,4336,9169,13668,15231,14073,17053,17695,
5385,17241,15224,6076,13761,5910,9724,17496,12004,8526,8899,6852,9867,8252,6717,9490,17955,6305,5142,3979,8414,3970,18873,8076,7609,16177,5874,9815,18768,6068,13799,15572,18556,14459,15959,17828,18945,11037,8654,13713,17924,10767,19593,
6282,16933,6680,4799,13280,6813,4253,11269,10227,9200,8766,8729,11618,17484,15325,12926,5428,11292,13338,15384,18588,16241,19191,11051,19289,10307,13298,16289,12914,14318,11579,8840,7022,17162,10044,15779,10896,19531,8006,9141,4182,8654,19037,10895,17618,13551,15228,10842,10358,7443,4363,
4287,16940,12332,15512,7010,9391,10944,4485,16378,14876,16562,16090,14825,7231,17430,10457,6621,16183,4317,7489,4695,19986,19962,6558,9063,7865,6668,18228,9472,10816,12160,16415,13190,11069,16583,19836,18038,9331,
8967,4168,9156,16951,14182,14895,13452,17042,5963,5005,16263,6598,12279,6730,8380,6012,13293,7461,11938,16310,13818,12670,12229,10441,11809,13177,13744,11421,16672,4054,6213,9168,12124,17717,15397,7971,5973,8163,15020,18568,18995,11196,6788,6634,12872,8184,14389,16144,11734,7324,9131,4197,14857,10946,7035,6285,7678,9468,
6067,14878,19586,16175,16725,6336,11958,18420,4074,7639,14224,7550,9307,3721,14545,9851,5158,8283,16455,9515,4530,17223,10336,17379,5862,18702,12404,19353,4745,19365,12065,12686,6384,6984,15383,8250,11402,11982,5561,10560,15244,10440,19503,11956,13418,15348,10192,10183,7085,16188,5440,18754,17107,12210,17858,12427,7593,
17169,13501,7169,13481,11048,15365,13381,17815,6770,8972,4810,14556,11307,14144,16981,15445,11137,18006,9360,18411,8041,18366,16233,14100,3900,17900,7531,17286,17096,16907,6052,15301,11100,9249,9584,11380,
11119,14196,17982,7270,9090,19080,16592,17596,8843,6668,18494,5277,4462,10386,5103,4321,18141,11312,3999,8759,13520,9653,18610,13410,13740,15988,5343,5297,18004,15262,13750,6396,7339,13525,8632,16805,8904,
18762,7608,6812,19449,5833,8665,4882,7525,5332,14226,5211,7054,8898,11110,5381,9048,4615,3967,4470,14024,16671,8211,8445,13450,10190,15748,6017,7163,19943,5285,13583,18963,5927,9728,8514,11585,5245,19303,7232,13356,14738,12201,
15319,13513,19022,3877,13587,8519,4340,16800,13705,8131,4991,10143,15626,13901,10100,19791,16409,7013,6731,7605,10247,17658,11991,6325,9023,9254,4760,17437,10690,14670,7257,8938,4268,18123,6724,9878,4695,6694,18431,17515,16600,14149,13443,4069,15826,13144,10462,10715,9646,7638,19437,17468,6997,18522,9203,12227,
11994,14652,12946,12437,17258,14887,10681,6873,15848,14425,9369,10030,5092,5257,6607,9440,14288,11574,6242,8690,4878,16563,10022,11944,3867,6771,10752,14733,13973,8350,11550,10760,4420,7554,6627,7000,6329,15610,12614,10805,
19490,10986,15039,11146,13286,7355,16414,18439,14413,19482,7287,8735,4902,3911,5669,10180,17925,17264,8225,7575,10578,14923,17724,5965,19926,10928,5039,14830,18051,6171,4952,19931,18524,12853,
10554,5420,17021,16118,8630,13274,18214,4310,9709,16558,14446,11366,8286,11749,12357,12421,18677,10888,15577,12572,11386,15266,17668,3810,11831,19451,
19735,6014,17965,8876,13591,14762,11042,12759,11245,14377,9171,3965,17192,9687,9227,8767,10340,17893,14702,4417,3966,17168,19039,7413,13856,11316,4993,8785,10303,13924,17331,15213,13095,4184,6915,12890,3922,16368,5859,12279,7876,7729,3858,8813,5397,15511,16967,6468,13925,14578,15125,9085,10593,3931,19761,11668,6087,18012,13461,6223,7895,
9508,17496,8874,7803,5456,16211,16411,4998,13654,16568,16096,10784,10465,16438,14553,15874,12627,7160,17701,12121,10593,3833,17043,4585,10002,16865,
9377,17329,15877,13129,12692,4527,12587,6753,5784,12207,13091,8652,9833,10382,9028,13393,
19339,12004,6626,12319,12743,14975,10854,12613,14373,12762,14209,15656,11803,10656,7015,15898,15184,
15450,16215,5552,8291,9222,7425,19850,16140,11081,18855,13872,18132,6629,13986,18746,7979,11141,5276,15765,4526,12681,6582,17667,
9718,4631,6941,16799,5592,9649,15770,12311,8984,5246,19160,5583,11785,10677,8677,15155,15894,12054,7729,19346,4767,9738,10142,16755,8379,14851,11332,12049,14882,17715,8232,5025,9869,16889,19051,5927,19116,15884,13972,4621,16422,8682,18683,15999,13316,13759,13485,4307,17223,6624,7592,14913,8067,16159,17934,11721,3886,
16330,10493,14687,5318,12332,5250,10137,18819,7256,7181,6417,12241,11875,18361,9671,17458,12773,10952,17129,9493,18262,5107,5303,8915,6600,12208,17816,6536,15543,12238,15279,15247,12931,7702,11655,15608,15884,3893,8808,13724,10379,15740,12674,3876,
9952,14681,11192,5080,5969,6447,18195,6274,17553,9822,13139,19347,16987,10778,16788,15379,10238,17222,18402,19582,10144,16656,10005,18170,9226,5066,
6392,13159,19780,4093,17578,12717,8259,18624,6060,5672,17558,16992,4930,11326,17723,8959,5544,18334,5702,9643,11405,7484,11770,8913,3954,4789,10938,17088,16091,15095,11925,12872,16938,5377,18296,11677,3760,10626,4692,15595,6682,13903,19004,
19773,18927,5279,6036,16304,14796,5145,4639,17645,8155,10129,10391,11762,12473,18593,14393,15873,10053,15052,19926,15811,16741,11662,15259,9062,9306,18784,13210,
4238,9602,4306,3835,18209,10978,19507,4018,13609,8496,14131,9282,4433,10435,16437,6359,13715,11283,7054,18058,8782,6522,15643,19369,9421,5018,8127,16950,8619,4051,12318,10026,14712,12020,9329,9763,14684,16643,18602,5651,16995,6735,17779,11836,4269,7367,9232,8459,9874,11391,6747,17058,
8994,5726,11710,6030,7527,7689,14406,18045,18099,9749,8863,11119,13299,4225,5933,9284,15302,13748,12194,7718,15653,12626,13265,8884,12046,16926,16008,19291,6903,11763,16623,18046,16788,13794,10801,7484,8959,11603,5484,18048,12094,15037,17980,16996,8219,10354,12596,17353,5015,13819,5553,16926,10190,16945,13367,8944,17745,8121,13649,17379,17482,13519,
8778,10118,12896,9839,6144,13690,3866,6354,18410,15951,16944,5952,19333,6671,19369,18738,12053,10206,8360,16255,5255,18844,13126,7409,15078,12306,9535,11824,14114,7333,13722,17769,17321,19583,11277,17637,13087,8927,8496,9372,14849,10211,12837,9853,12259,8648,9710,
16885,15384,12551,19896,15400,11557,14460,4974,12160,16579,12234,17182,15788,14395,4692,7888,11373,4754,6350,10896,8625,13230,11038,13913,16788,19807,5200,11051,7978,7791,12813,13236,15042,15049,11087,17793,18039,16173,8839,4660,17968,14170,13264,3934,5039,18882,4417,9946,9545,14572,8188,8511,10284,14132,17981,10942,5940,15017,3985,6463,7188,8338,11664,7325,15689,17307,16302,7079,16482,4376,17061,
7388,17168,7175,13667,17331,19791,18327,9731,12576,8743,10590,18519,4388,13492,8014,18549,15275,12002,12312,11898,16448,9952,7076,9094,17693,16954,11620,17411,11963,6516,10535,16839,13447,8171,8735,16557,15034,16741,4435,7374,19684,14204,9149,12227,19687,
5259,18897,9612,9698,6198,14374,19246,18368,9638,19431,8955,3908,17278,12071,8654,7758,14334,7138,7023,13030,8972,11254,7073,12785,18498,9018,12904,16680,6567,12695,12832,18964,5712,14202,13288,4299,6511,9980,4498,11064,14510,9064,8388,15812,5697,19163,14730,14266,16582,6403,18178,
14166,6993,9735,13770,9858,15946,8005,19250,9056,16087,10108,16451,11670,10525,9381,10416,12457,17836,15504,
7137,14322,18874,4873,7664,11743,18754,18211,19535,4748,14179,17316,16253,18878,4093,8852,19330,18334,10660,4899,11304,17709,17008,16308,7565,14561,16407,7066,19514,8801,5031,7130,17238,10005,6604,14649,4217,6056,5412,13368,9389,19611,8191,13934,9164,14119,15570,8048,11986,17007,19318,9132,13130,16323,9295,
19042,16882,5379,6303,17196,14651,9351,10771,4024,11355,11097,10879,14374,18046,13265,4002,15457,6055,6844,11052,11765,15824,19883,14469,9055,11704,10874,4865,4664,4891,12817,6817,17733,15278,12909,9940,6971,10262,17664,10508,10772,6713,10379,10072,11691,13460,9889,9012,15099,6481,15764,16078,16392,11829,19968,9066,11296,18545,15075,11605,6221,6330,15794,5941,3869,11321,
9573,10332,8852,4170,4568,12267,13315,15314,10831,8501,8260,5639,15624,12300,7218,4137,7529,9472,14159,12612,15390,16752,12583,15227,17871,7451,7364,8087,13288,14559,15226,15579,15932,6539,13109,13420,10183,4803,9086,15340,9168,13944,18721,11988,4847,10655,16464,9883,8093,5844,11113,17060,12698,
6651,5917,11826,17743,15019,12835,17840,10353,11463,11160,17622,7642,18751,15627,12733,9840,15502,16714,11358,6003,7024,10912,14509,10457,6405,8354,10303,18778,8179,12682,7561,19299,11724,18286,10396,18189,6535,3780,5831,12222,18614,15535,10328,5121,6790,17923,16939,12009,7297,15605,17471,6338,10271,17369,4762,17036,8440,6585,15963,6126,
5994,12195,11093,7524,11887,14842,7488,6538,11627,7933,7800,8344,16665,7787,6360,12297,18235,8507,9229,17744,14545,11347,10192,12944,10443,19938,9838,4828,8344,19723,10108,15801,
4431,15770,6521,16599,16105,14270,9674,15836,5718,7376,6769,7959,9149,10066,10983,7251,14707,18358,8927,19536,8568,7297,9124,19807,7951,15602,5249,5057,12474,8064,6626,6072,12203,4846,10710,13887,8274,11270,9533,14492,10647,6803,7812,9169,15581,4498,12211,6706,6580,13246,
13345,7241,17962,16769,14981,6267,4842,17990,11272,19963,14787,11725,6582,5301,9441,9914,5442,7722,11671,8173,6301,7631,8961,11050,17085,6661,7690,11339,7991,7029,4499,4428,8434,16918,12517,11375,10113,17506,3855,8657,14604,15590,5972,18589,16416,3977,8440,18742,11667,6946,13257,6160,7066,12094,11627,
12229,10932,16327,12170,18490,14652,19757,12830,8575,15492,15126,15379,5241,11895,7345,5634,3924,15911,8491,7121,5751,19520,8858,9073,6669,4265,17878,19997,7571,5768,5191,18228,13756,3889,11368,7552,13673,9483,14334,13495,14066,
15882,15473,14304,8530,13438,5208,12400,11320,11441,9470,5556,9974,6526,18216,11851,5486,16285,14003,11722,4996,10472,12204,11815,11426,9168,6910,5590,18457,7548,16526,6388,7661,18284,12477,5456,8127,6910,19417,17629,15841,14789,8192,12657,17123,17023,16924,9104,19868,11460,8628,17848,5849,12719,13412,5713,7832,16685,16544,17099,
7591,5923,11107,16630,12499,13503,8025,6843,18057,9905,19973,18865,4718,5038,5359,14624,8722,10018,13553,7767,14872,10009,5929,16586,18283,11577,4529,4892,19701,18968,18236,13244,5392,17841,15914,9386,14108,18831,3841,6710,9580,10794,17455,7963,6371,13585,11186,5505,19902,12501,15970,12322,8674,6067,14671,5674,11572,17471,16232,19974,11581,6740,10069,4623,
9608,8038,12689,16857,17146,17749,16590,17656,6422,6822,9016,8331,17374,17898,4297,6209,18559,16526,14550,16406,13029,7072,18557,5750,4257,17538,14405,18108,18905,19703,7483,19104,7911,7366,
7879,15242,5010,16193,12993,18387,8198,14069,17906,9185,10964,6521,5305,15111,4725,10065,8087,14503,13698,6841,17583,10303,14858,16622,17935,
8023,17749,9551,12629,18816,13753,10552,5971,4857,5018,7790,15016,7888,17292,10298,18306,10741,
19005,9694,7306,18147,15310,10274,8720,14256,14437,16145,16143,5752,7541,14296,11540,14457,14061,8086,5363,4363,7441,19978,11914,11835,11757,11125,16463,7362,9191,12929,6123,8166,11081,8683,4904,3905,13325,19220,15867,12514,17037,4582,16156,16965,11603,15702,6475,19480,4239,10159,16080,9630,6722,6356,10814,13207,4739,12215,
18720,19280,15282,17484,19972,6986,10552,11663,19168,16077,8720,8885,9951,7032,7534,8037,12776,5029,9513,13849,9857,12277,5028,7841,13805,12769,15058,14985,14913,5644,13647,9289,4635,13806,19386,
13385,17162,10381,12458,12461,9908,6741,15650,19034,9428,17012,4882,11845,18907,16182,13457,5805,16635,7494,19170,19035,14350,9665,7570,19438,15287,4379,8350,8868,13190,10683,8720,8702,18036,13794,8946,6237,10475,9061,10266,9666,9067,14029,11685,4464,7632,10801,9615,11158,12702,18529,11772,5233,15746,13967,6820,10229,12851,10268,
9479,12887,15517,5680,8862,13889,16262,4583,9918,6054,12194,9999,8409,6820,7243,11451,13993,7090,12855,15304,8104,4709,10746,7277,16255,11936,7617,4737,7702,16992,18743,3971,19359,5904,19569,16168,10940,15101,16629,11240,17143,10352,14191,11177,8005,10440,12356,14273,5505,12903,17421,16956,14472,
9401,6781,6825,7102,7573,8832,9110,12358,8479,13950,9820,12017,14215,17598,16318,14743,19481,16346,6426,11430,16434,11170,5907,5324,16254,19736,18446,14733,17833,
19766,5756,11540,19161,13790,10925,17075,17710,6987,15703,6981,5743,16555,13152,4905,16405,6018,16485,17664,18281,18898,16506,17211,9688,17309,12978,13088,7610,10724,10575,19278,8889,15333,11349,9449,11180,10980,10781,18990,11236,18166,13982,19214,6186,4065,
12650,8279,6563,14081,13442,11554,7063,16699,16173,19249,17487,18358,12653,5622,10863,12921,11284,16126,19329,10731,14571,12729,7458,16378,7128,7547,12058,17361,3771,12008,9177,6347,10107,16602,11401,11380,8530,3891,5063,8435,11807,10769,13555,18819,19636,14557,4071,6472,7854,9237,13229,5499,4405,9033,
12475,17696,6988,12009,14612,4367,10749,3800,7825,8139,15065,18608,15300,11993,13504,15595,17687,5581,14777,7469,9103,9565,17010,3810,6445,9037,6023,11205,16388,14647,11803,11271,15744,5650,10083,14516,19417,12869,6322,17577,14967,19580,9865,8906,9945,11108,15872,15925,8825,9817,6217,11734,9012,9419,
