-9780824.05263158
624565775.0
127978719.1923077
1800168.606060606
368064227.7058824
186197773.06896552
-158283559.46666667
-417973184.17142856
-201986309.12068966
-35104654.12962963
83126007.39344262
43210419.928571425
188107401.2
29402411.205128204
20377355.827586208
-230576111.5510204
357304982.5068493
106479640.1
128388989.56756757
-130822141.57142857
15887610.148148147
201129880.76666668
430637681.6756757
33540231.046511628
98959605.85714285
51923515.571428575
111828950.46341464
164027158.546875
-69793278.6724138
169555709.01298702
-121728062.65714286
-93393605.98305085
-66433991.26086956
38362311.827586204
-243039913.47826087
232676704.50632912
177300029.03333333
-68912774.96969697
290094108.69863015
-219549056.58461538
-88976903.35820895
345055181.11538464
195799573.77083334
201170809.8548387
221773681.30882353
52161293.35897436
140345268.1627907
393584739.625
-107311613.31111111
-269835521.58064514
-392269464.48333335
-17202743.18
126232569.71428572
-189057264.625
-224529988.58333334
18258931.807692308
-52806459.780487806
38433421.18181818
149234761.71875
8591634.875
-194907439.5652174
285391794.6666667
-199647269.16666666
-1138813.076923077
-3509245.7540983604
-113482170.52777778
-229909183.32352942
-296687609.48214287
331826361.8
-19069084.676056337
-154849792.57142857
18442345.361111112
493367639.6603774
29915343.7
90367579.38461539
-236329501.67741936
